             precision    recall  f1-score   support

          0       0.51      0.59      0.55       562
          1       0.66      0.41      0.51       582
          2       0.47      0.50      0.48       838
          3       0.57      0.68      0.62      1242
          4       0.48      0.32      0.38       600
          5       0.49      0.43      0.46      1182
          6       0.46      0.57      0.51       335
          7       0.52      0.53      0.52      1115
          8       0.54      0.62      0.58       511
          9       0.37      0.38      0.37       434

avg / total       0.52      0.51      0.51      7401

