             precision    recall  f1-score   support

          0       0.49      0.62      0.55       562
          1       0.42      0.66      0.51       582
          2       0.49      0.48      0.49       838
          3       0.71      0.39      0.51      1242
          4       0.43      0.41      0.42       600
          5       0.53      0.31      0.39      1182
          6       0.39      0.53      0.45       335
          7       0.50      0.47      0.49      1115
          8       0.51      0.67      0.58       511
          9       0.25      0.48      0.33       434

avg / total       0.51      0.47      0.47      7401

