             precision    recall  f1-score   support

          0       0.63      0.49      0.55       562
          1       0.63      0.46      0.53       582
          2       0.47      0.56      0.51       838
          3       0.64      0.55      0.59      1242
          4       0.45      0.40      0.42       600
          5       0.49      0.44      0.47      1182
          6       0.60      0.41      0.49       335
          7       0.42      0.69      0.52      1115
          8       0.55      0.64      0.59       511
          9       0.46      0.26      0.34       434

avg / total       0.53      0.51      0.51      7401

