[[165  27   4   0   3   0  25   0   4   0   0   6   0   1   4   0   0   1
   18   3   1]
 [ 59  27   1   0   8   0  11   0  10   1   0   4   0   0   0   0   0   0
   15   2   0]
 [  4   4 296   5   2   8  66   1  25   5   1  11   1   8  34  20   1  10
   24  17  19]
 [  1   0   5 289   0   6   5  13  15   1  45   5  18  30   2  40  27  60
   17   3   0]
 [  6   3   6   0 123   2  48   0   2   1   0   4   0   0   5   1   0   0
   23   2   0]
 [  0   0   3   1   0  91   2  13   1   0   4   0   3  17   0   1   0   1
   12   0   1]
 [ 31   8  45   8  28  16 349   6  60   6   4  26   3   8  69  41   3   8
   90  18  11]
 [  0   0   1  11   0  20   2  43   1   0  21   1   4  19   0   2   1   2
    3   0   1]
 [ 16   3  12  16   0   3  50   1 813   4   3   6   5   3  93 119   1  50
   29  15   0]
 [  3   1  15   0   4   3  13   1   3  57   0   9   1   2   7   5   1   2
   24   4   5]
 [  2   0   1  20   0   5   7  12   0   0  59   1   4  27   0   3   5   4
    7   3   0]
 [  4   1  26   1   6   2  33   1   6   7   0  99   0   2   6   5   0   1
   34   0   9]
 [  1   0   7  18   0   5   3   5   5   4   2   3  86  11   0  11  15  26
   11   3   0]
 [  1   0  11   7   0  30   5  14   1   1   5   3   2 175   0   8   3   3
    7   2   2]
 [  6   1  20   2   9   4 101   1 138   3   2  11   2   8 216  30   0   8
   19  14   5]
 [  2   4  40  65   1   5  45   9 193   3   6  12  18  29  28 472  12 151
   49  30   8]
 [  0   0   4  64   0   3   1   3   4   0  10   6  25   8   1  14 102  78
    6   6   0]
 [  3   1  42  78   1  15  30  18  70   3  19  13  32  48  11 142  29 477
   52  30   1]
 [ 28   9  18   1  21   9  52   1   3   9   1  10   0   3   3   5   1   6
  316   5  10]
 [  8   1  28   9   5   9  30   4  43   4   4   5   7  10  23  29   2  22
   80 106   5]
 [  0   0  12   0   0   0   3   0   1   0   0   1   0   0   1   0   0   0
    0   0 134]]
